2 259 516 255 18 282 283 286 543 547 295 299 45 302 559 303 51 566 310 567 568 63 67 326 329 75 77 590 336 594 340 347 91 351 607 96 354 353 358 108 620 367 368 625 370 112 118 122 379 124 637 638 129 642 134 647 141 402 154 666 669 158 416 672 673 169 427 688 689 180 181 187 699 453 455 199 202 209 466 725 215 728 218 478 479 223 735 489 241 242 243 754 756 755 252 508 253 511
3 515 520 521 264 268 273 275 539 30 35 37 549 39 38 41 42 298 554 557 558 304 561 563 314 59 318 321 69 325 581 72 327 71 584 74 80 341 342 600 608 98 621 365 366 117 381 639 130 387 131 137 650 395 138 398 657 403 410 412 670 415 164 430 690 437 442 443 701 702 190 449 194 451 196 706 456 219 221 226 740 744 488 759 761 247 249 251
512 513 258 4 519 10 527 535 29 285 542 36 43 49 562 565 316 572 575 577 580 73 81 595 346 93 94 106 362 618 385 643 135 651 144 662 152 668 425 685 687 176 691 692 441 188 703 708 718 464 723 468 213 469 220 480 737 228 743 745 233 749 239 499 248
128 386 5 393 530 660 661 278 150 667 156 155 671 160 546 676 421 166 167 678 294 680 432 48 435 182 695 311 312 313 60 323 710 714 715 204 208 593 83 598 87 343 473 729 732 734 121 227 99 612 613 614 746 493 115 244 507 633 123 383
641 132 388 652 270 531 405 151 159 675 551 555 556 175 50 52 438 183 57 698 700 317 450 707 68 70 711 200 459 332 203 334 719 461 78 460 467 465 86 214 472 119 730 349 733 100 490 107 747 238 623 752 495 626 116 502 758 246 505 382
384 518 6 646 648 390 523 140 526 143 272 658 147 664 537 31 292 422 550 553 426 428 431 433 179 309 58 445 446 62 320 705 578 65 582 458 587 79 722 339 470 471 731 92 95 483 741 101 229 102 487 234 363 364 750 751 372 125 127
514 261 645 265 267 13 14 15 145 529 533 538 28 541 284 288 545 161 417 544 679 40 424 297 300 684 177 308 564 54 693 440 697 571 447 448 324 712 585 457 330 589 206 338 211 85 90 475 498 627 371 500 504 506 509 126
517 394 397 654 659 532 20 406 21 534 23 281 22 280 540 149 536 33 419 548 677 552 681 53 185 570 315 189 192 709 454 337 726 344 88 222 485 357 359 491 109 369 497 628 757 374 375 376 377
256 257 644 263 9 12 396 142 271 655 17 146 400 409 411 293 423 296 560 436 694 56 569 573 191 193 198 201 588 462 207 84 216 97 610 611 105 619 378 624 496 113 114 630 250 254
389 7 266 525 399 16 404 279 408 289 418 165 168 172 46 686 55 696 61 579 452 583 586 717 720 82 599 604 606 609 361 622 760 503 120 510
640 262 8 392 11 269 528 276 25 413 34 290 163 682 683 174 306 184 574 319 64 592 727 474 476 738 617 492 236 237 373 629
636 133 524 24 27 157 414 674 171 429 186 576 328 716 335 463 212 597 601 89 602 605 477 350 739 484 232 360 748 240 634 380
1 197 391 139 333 274 19 724 148 596 663 345 26 603 665 217 736 355 420 486 170 301 111 753 245 439 635
704 322 195 260 136 713 76 591 656 210 407 153 348 287 224 481 32 225 356 162 615 104 178 434 501 631
66 649 331 721 277 352 482 742 103 235 44 494 47 305 307 444
291 230 231 616 522 173 110 205 653 401 632
