2 9 15 528 531 20 23 536 34 35 37 550 39 554 43 557 558 53 54 56 570 58 60 575 576 577 67 68 580 70 584 72 589 592 593 82 83 597 599 87 89 90 603 601 604 607 611 102 616 617 107 111 116 122 128 129 130 131 136 151 155 157 160 167 170 175 177 182 189 195 197 198 203 205 206 207 208 217 221 227 229 238 239 242 245 247 248 249 250 254 257 261 269 275 283 288 289 291 293 312 314 317 322 323 324 325 338 340 342 343 345 350 351 355 361 366 370 372 373 378 381 383 389 391 394 396 399 409 410 413 416 419 422 434 435 436 439 442 445 446 451 453 455 463 465 473 479 481 489 505 509 510
256 513 515 518 524 19 532 280 27 541 543 31 546 292 38 551 297 45 47 48 307 51 566 313 315 316 572 573 63 574 66 579 327 328 585 586 335 79 595 596 85 602 347 348 100 357 612 118 123 127 395 139 141 142 414 164 165 421 424 428 430 179 191 448 199 457 461 475 480 487 488 491 500 504 507 508 255
1 260 4 265 268 271 18 277 281 287 544 32 549 294 298 44 300 302 303 560 564 309 568 59 321 581 80 336 600 346 349 97 359 615 360 364 114 375 120 384 386 133 134 135 138 140 397 143 404 407 408 159 161 418 172 432 184 440 454 456 201 200 458 464 482 233 246 506 251
6 8 393 10 523 527 402 147 405 278 279 24 535 26 28 540 30 415 547 163 295 427 173 301 431 304 429 306 176 561 438 190 73 74 204 591 213 215 216 471 220 605 478 95 98 99 230 486 362 234 492 108 618 369 497 501 502 126
385 514 387 390 270 529 530 146 148 22 153 412 162 290 420 425 563 567 187 571 64 69 582 587 460 81 337 469 88 474 91 93 94 225 610 354 614 231 103 104 232 493 112 498 253 511
3 392 266 272 273 17 282 411 538 285 40 41 168 299 553 433 185 62 193 449 65 450 333 594 341 344 608 228 484 356 377 236 240 121
258 388 517 262 519 13 526 401 403 25 286 552 169 181 569 443 61 320 590 462 468 470 472 476 352 224 235 363 109 368 499 244 376
520 521 267 12 533 534 154 158 542 33 36 548 556 180 437 310 55 452 331 78 209 210 214 218 219 477 223 105 490 496 243 252
516 5 263 137 329 75 334 16 400 274 144 466 21 150 84 152 119 284 545 609 353 503 613 101 237 117 374 311 441 124 382
0 192 194 132 522 332 398 467 276 149 598 222 226 358 423 296 42 555 619 365 494 559 113 371 52 565 308 125 319
578 202 459 330 588 76 406 86 92 156 417 483 166 426 171 46 110 562 50 183 186
259 326 264 11 525 14 145 212 606 485 174 241 115 57 380 318 447
512 196 71 367 495 49 178 539 188 29
305 339 7 583 106 444
96 211 537 379 77
