(5, 2) 1 1
(5, 3) 1 1
(5, 4) 1 1
(6, 2) 1 1
(6, 3) 1 1
(6, 4) 1 1
(6, 5) 1 1
(7, 2) 1 1
(7, 3) 1 1
(7, 4) 1 1
(8, 5) 1 1
(8, 6) 1 1
(8, 7) 1 1
(9, 2) 1 1
(9, 4) 1 1
(9, 5) 1 1
(9, 6) 1 1
(9, 7) 1 1
(9, 8) 1 1
(11, 2) 1 1
(11, 3) 1 1
(11, 4) 1 1
(11, 7) 1 1
(11, 8) 1 1
(11, 9) 1 1
(12, 2) 1 1
(12, 3) 1 1
(12, 4) 1 1
(12, 5) 1 1
(12, 6) 1 1
(12, 7) 1 1
(12, 8) 1 1
(12, 9) 1 1
(12, 11) 1 1
(13, 2) 1 1
(13, 3) 1 1
(13, 5) 1 1
(13, 6) 1 1
(13, 7) 1 1
(13, 8) 1 1
(13, 9) 1 1
(13, 11) 1 1
(13, 12) 1 1
(14, 5) 1 1
(14, 6) 1 1
(14, 7) 1 1
(14, 8) 1 1
(14, 9) 1 1
(14, 11) 1 1
(14, 12) 1 1
(14, 13) 1 1
(18, 3) 1 1
(18, 4) 1 1
(18, 5) 1 1
(18, 6) 1 1
(18, 7) 1 1
(18, 8) 1 1
(18, 9) 1 1
(18, 11) 1 1
(18, 12) 1 1
(18, 13) 1 1
(18, 14) 1 1
(20, 3) 1 1
(20, 4) 1 1
(20, 5) 1 1
(20, 6) 1 1
(20, 7) 1 1
(20, 8) 1 1
(20, 9) 1 1
(20, 11) 1 1
(20, 12) 1 1
(20, 13) 1 1
(20, 14) 1 1
(20, 18) 1 1
(22, 3) 1 1
(22, 4) 1 1
(22, 5) 1 1
(22, 6) 1 1
(22, 7) 1 1
(22, 8) 1 1
(22, 9) 1 1
(22, 11) 1 1
(22, 12) 1 1
(22, 13) 1 1
(22, 14) 1 1
(22, 18) 1 1
(22, 20) 1 1
(32, 2) 1 1
(32, 3) 1 1
(32, 4) 1 1
(32, 5) 1 1
(32, 6) 1 1
(32, 7) 1 1
(32, 8) 1 1
(32, 9) 1 1
(32, 11) 1 1
(32, 12) 1 1
(32, 13) 1 1
(32, 14) 1 1
(32, 18) 1 1
(32, 20) 1 1
(32, 22) 1 1
(31, 1) 1 1
(31, 3) 1 1
(31, 4) 1 1
(31, 5) 1 1
(31, 6) 1 1
(31, 7) 1 1
(31, 8) 1 1
(31, 11) 1 1
(31, 12) 1 1
(31, 13) 1 1
(31, 14) 1 1
(31, 18) 1 1
(31, 20) 1 1
(31, 22) 1 1
(31, 32) 1 1
(10, 2) 1 1
(10, 1) 1 1
(10, 4) 1 1
(10, 5) 1 1
(10, 6) 1 1
(10, 7) 1 1
(10, 8) 1 1
(10, 9) 1 1
(10, 11) 1 1
(10, 12) 1 1
(10, 13) 1 1
(10, 14) 1 1
(10, 18) 1 1
(10, 20) 1 1
(10, 22) 1 1
(10, 32) 1 1
(10, 31) 1 1
(28, 2) 1 1
(28, 1) 1 1
(28, 4) 1 1
(28, 5) 1 1
(28, 6) 1 1
(28, 7) 1 1
(28, 8) 1 1
(28, 9) 1 1
(28, 11) 1 1
(28, 12) 1 1
(28, 13) 1 1
(28, 14) 1 1
(28, 18) 1 1
(28, 20) 1 1
(28, 22) 1 1
(28, 32) 1 1
(28, 31) 1 1
(28, 10) 1 1
(29, 2) 1 1
(29, 1) 1 1
(29, 4) 1 1
(29, 5) 1 1
(29, 6) 1 1
(29, 7) 1 1
(29, 8) 1 1
(29, 9) 1 1
(29, 11) 1 1
(29, 12) 1 1
(29, 13) 1 1
(29, 14) 1 1
(29, 18) 1 1
(29, 20) 1 1
(29, 22) 1 1
(29, 31) 1 1
(29, 10) 1 1
(29, 28) 1 1
(33, 2) 1 1
(33, 1) 1 1
(33, 4) 1 1
(33, 5) 1 1
(33, 6) 1 1
(33, 7) 1 1
(33, 8) 1 1
(33, 11) 1 1
(33, 12) 1 1
(33, 13) 1 1
(33, 14) 1 1
(33, 18) 1 1
(33, 20) 1 1
(33, 22) 1 1
(33, 10) 1 1
(33, 28) 1 1
(33, 29) 1 1
(17, 2) 1 1
(17, 1) 1 1
(17, 3) 1 1
(17, 4) 1 1
(17, 5) 1 1
(17, 8) 1 1
(17, 9) 1 1
(17, 11) 1 1
(17, 12) 1 1
(17, 13) 1 1
(17, 14) 1 1
(17, 18) 1 1
(17, 20) 1 1
(17, 22) 1 1
(17, 32) 1 1
(17, 31) 1 1
(17, 10) 1 1
(17, 28) 1 1
(17, 29) 1 1
(17, 33) 1 1
(34, 2) 1 1
(34, 1) 1 1
(34, 3) 1 1
(34, 4) 1 1
(34, 5) 1 1
(34, 6) 1 1
(34, 7) 1 1
(34, 8) 1 1
(34, 11) 1 1
(34, 12) 1 1
(34, 13) 1 1
(34, 18) 1 1
(34, 22) 1 1
(34, 17) 1 1
(15, 2) 1 1
(15, 1) 1 1
(15, 3) 1 1
(15, 4) 1 1
(15, 5) 1 1
(15, 6) 1 1
(15, 7) 1 1
(15, 8) 1 1
(15, 9) 1 1
(15, 11) 1 1
(15, 12) 1 1
(15, 13) 1 1
(15, 14) 1 1
(15, 18) 1 1
(15, 20) 1 1
(15, 22) 1 1
(15, 32) 1 1
(15, 31) 1 1
(15, 10) 1 1
(15, 28) 1 1
(15, 29) 1 1
(15, 17) 1 1
(16, 2) 1 1
(16, 1) 1 1
(16, 3) 1 1
(16, 4) 1 1
(16, 5) 1 1
(16, 6) 1 1
(16, 7) 1 1
(16, 8) 1 1
(16, 9) 1 1
(16, 11) 1 1
(16, 12) 1 1
(16, 13) 1 1
(16, 14) 1 1
(16, 18) 1 1
(16, 20) 1 1
(16, 22) 1 1
(16, 32) 1 1
(16, 31) 1 1
(16, 10) 1 1
(16, 28) 1 1
(16, 29) 1 1
(16, 17) 1 1
(16, 15) 1 1
(19, 2) 1 1
(19, 1) 1 1
(19, 3) 1 1
(19, 4) 1 1
(19, 5) 1 1
(19, 6) 1 1
(19, 7) 1 1
(19, 8) 1 1
(19, 9) 1 1
(19, 11) 1 1
(19, 12) 1 1
(19, 13) 1 1
(19, 14) 1 1
(19, 18) 1 1
(19, 20) 1 1
(19, 22) 1 1
(19, 32) 1 1
(19, 31) 1 1
(19, 10) 1 1
(19, 28) 1 1
(19, 29) 1 1
(19, 17) 1 1
(19, 15) 1 1
(19, 16) 1 1
(21, 2) 1 1
(21, 1) 1 1
(21, 3) 1 1
(21, 4) 1 1
(21, 5) 1 1
(21, 6) 1 1
(21, 7) 1 1
(21, 8) 1 1
(21, 9) 1 1
(21, 11) 1 1
(21, 12) 1 1
(21, 13) 1 1
(21, 14) 1 1
(21, 18) 1 1
(21, 20) 1 1
(21, 22) 1 1
(21, 32) 1 1
(21, 31) 1 1
(21, 10) 1 1
(21, 28) 1 1
(21, 29) 1 1
(21, 17) 1 1
(21, 15) 1 1
(21, 16) 1 1
(21, 19) 1 1
(23, 2) 1 1
(23, 1) 1 1
(23, 3) 1 1
(23, 4) 1 1
(23, 5) 1 1
(23, 6) 1 1
(23, 7) 1 1
(23, 8) 1 1
(23, 9) 1 1
(23, 11) 1 1
(23, 12) 1 1
(23, 13) 1 1
(23, 14) 1 1
(23, 18) 1 1
(23, 20) 1 1
(23, 22) 1 1
(23, 32) 1 1
(23, 31) 1 1
(23, 10) 1 1
(23, 28) 1 1
(23, 29) 1 1
(23, 17) 1 1
(23, 15) 1 1
(23, 16) 1 1
(23, 19) 1 1
(23, 21) 1 1
(26, 2) 1 1
(26, 1) 1 1
(26, 3) 1 1
(26, 4) 1 1
(26, 5) 1 1
(26, 6) 1 1
(26, 7) 1 1
(26, 8) 1 1
(26, 9) 1 1
(26, 11) 1 1
(26, 12) 1 1
(26, 13) 1 1
(26, 14) 1 1
(26, 18) 1 1
(26, 20) 1 1
(26, 22) 1 1
(26, 31) 1 1
(26, 10) 1 1
(26, 28) 1 1
(26, 29) 1 1
(26, 33) 1 1
(26, 17) 1 1
(26, 34) 1 1
(26, 15) 1 1
(26, 16) 1 1
(26, 19) 1 1
(26, 21) 1 1
(26, 23) 1 1
(24, 2) 1 1
(24, 1) 1 1
(24, 3) 1 1
(24, 4) 1 1
(24, 5) 1 1
(24, 6) 1 1
(24, 7) 1 1
(24, 8) 1 1
(24, 9) 1 1
(24, 11) 1 1
(24, 12) 1 1
(24, 13) 1 1
(24, 14) 1 1
(24, 18) 1 1
(24, 20) 1 1
(24, 22) 1 1
(24, 32) 1 1
(24, 31) 1 1
(24, 10) 1 1
(24, 29) 1 1
(24, 17) 1 1
(24, 15) 1 1
(24, 16) 1 1
(24, 19) 1 1
(24, 21) 1 1
(24, 23) 1 1
(30, 2) 1 1
(30, 1) 1 1
(30, 3) 1 1
(30, 4) 1 1
(30, 5) 1 1
(30, 6) 1 1
(30, 7) 1 1
(30, 8) 1 1
(30, 9) 1 1
(30, 11) 1 1
(30, 12) 1 1
(30, 13) 1 1
(30, 14) 1 1
(30, 18) 1 1
(30, 20) 1 1
(30, 22) 1 1
(30, 32) 1 1
(30, 31) 1 1
(30, 10) 1 1
(30, 28) 1 1
(30, 29) 1 1
(30, 17) 1 1
(30, 15) 1 1
(30, 16) 1 1
(30, 19) 1 1
(30, 21) 1 1
(30, 23) 1 1
(30, 26) 1 1
(25, 2) 1 1
(25, 1) 1 1
(25, 3) 1 1
(25, 4) 1 1
(25, 5) 1 1
(25, 6) 1 1
(25, 7) 1 1
(25, 8) 1 1
(25, 9) 1 1
(25, 11) 1 1
(25, 12) 1 1
(25, 13) 1 1
(25, 14) 1 1
(25, 18) 1 1
(25, 20) 1 1
(25, 22) 1 1
(25, 31) 1 1
(25, 10) 1 1
(25, 29) 1 1
(25, 33) 1 1
(25, 17) 1 1
(25, 34) 1 1
(25, 15) 1 1
(25, 16) 1 1
(25, 19) 1 1
(25, 21) 1 1
(25, 23) 1 1
(25, 24) 1 1
(25, 30) 1 1
(27, 2) 1 1
(27, 1) 1 1
(27, 3) 1 1
(27, 4) 1 1
(27, 5) 1 1
(27, 6) 1 1
(27, 7) 1 1
(27, 8) 1 1
(27, 9) 1 1
(27, 11) 1 1
(27, 12) 1 1
(27, 13) 1 1
(27, 14) 1 1
(27, 18) 1 1
(27, 20) 1 1
(27, 22) 1 1
(27, 32) 1 1
(27, 31) 1 1
(27, 10) 1 1
(27, 28) 1 1
(27, 29) 1 1
(27, 33) 1 1
(27, 17) 1 1
(27, 15) 1 1
(27, 16) 1 1
(27, 19) 1 1
(27, 21) 1 1
(27, 23) 1 1
(27, 26) 1 1
(27, 24) 1 1
(27, 25) 1 1
